2
1000003
7000009
9000011
15000017
37000039
57000059
67000069
81000083
99000101
105000107
121000123
127000129
151000153
157000159
171000173
199000201
225000227
229000231
235000237
255000257
315000317
331000333
385000387
429000431
457000459
477000479
481000483
487000489
499000501
507000509
529000531
567000569
577000579
579000581
595000597
607000609
621000623
627000629
631000633
645000647
691000693
711000713
715000717
717000719
751000753
757000759
777000779
781000783
799000801
817000819
829000831
837000839
855000857
859000861
925000927
957000959
975000977
985000987
997000999
1027001029
1045001047
1051001053
1059001061
1069001071
1089001091
1131001133
1137001139
1177001179
1179001181
1185001187
1197001199
1239001241
1261001263
1317001319
1327001329
1335001337
1339001341
1381001383
1401001403
1411001413
1425001427
1435001437
1465001467
1501001503
1509001511
1519001521
1527001529
1597001599
1615001617
1617001619
1641001643
1647001649
1677001679
1681001683
1687001689
1719001721
1747001749
1765001767
1771001773
1809001811
1839001841
1851001853
1879001881
1887001889
1905001907
1939001941
1951001953
1969001971
1971001973
1977001979
2005002007
2007002009
2019002021
2025002027
2031002033
2047002049
2109002111
2121002123
2149002151
2175002177
2179002181
2191002193
2205002207
2227002229
2229002231
2251002253
2269002271
2311002313
2317002319
2335002337
2341002343
2361002363
2401002403
2409002411
2431002433
2467002469
2481002483
2517002519
2539002541
2569002571
2571002573
2581002583
2607002609
2647002649
2689002691
2691002693
2695002697
2731002733
2767002769
2775002777
2787002789
2821002823
2839002841
2851002853
2865002867
2875002877
2877002879
2895002897
2899002901
2919002921
2949002951
2961002963
2971002973
3001003003
3007003009
3025003027
3049003051
3061003063
3075003077
3129003131
3141003143
3159003161
3207003209
3225003227
3265003267
3267003269
3349003351
3355003357
3367003369
3411003413
3439003441
3447003449
3487003489
3489003491
3501003503
3547003549
3559003561
3567003569
3601003603
3609003611
3621003623
3661003663
3669003671
3685003687
3697003699
3777003779
3817003819
3829003831
3859003861
3885003887
3889003891
3907003909
3909003911
3927003929
3991003993
4027004029
4057004059
4095004097
4131004133
4149004151
4165004167
4287004289
4305004307
4317004319
4347004349
4371004373
4539004541
4545004547
4555004557
4569004571
4585004587
4629004631
4635004637
4645004647
4657004659
4687004689
4699004701
4711004713
4747004749
4749004751
4765004767
4779004781
4789004791
4797004799
4807004809
4819004821
4827004829
4869004871
4881004883
4921004923
4989004991
4995004997
5005005007
5041005043
5047005049
5065005067
5077005079
5079005081
5089005091
5107005109
5119005121
5139005141
5167005169
5181005183
5205005207
5211005213
5215005217
5227005229
5271005273
5295005297
5337005339
5359005361
5391005393
5409005411
5419005421
5439005441
5509005511
5517005519
5541005543
5581005583
5595005597
5617005619
5629005631
5647005649
5649005651
5695005697
5709005711
5761005763
5769005771
5775005777
5815005817
5821005823
5847005849
5899005901
5959005961
5967005969
5985005987
5989005991
5995005997
6001006003
6009006011
6015006017
6099006101
6111006113
6151006153
6169006171
6171006173
6195006197
6211006213
6261006263
6277006279
6315006317
6321006323
6345006347
6367006369
6381006383
6405006407
6429006431
6451006453
6471006473
6505006507
6531006533
6541006543
6547006549
6559006561
6591006593
6595006597
6609006611
6619006621
6699006701
6711006713
6741006743
6757006759
6769006771
6771006773
6787006789
6799006801
6829006831
6835006837
6847006849
6849006851
6855006857
6867006869
6877006879
6879006881
6897006899
6921006923
6927006929
6939006941
6961006963
6969006971
6987006989
7035007037
7059007061
7131007133
7135007137
7137007139
7161007163
7189007191
7291007293
7311007313
7329007331
7389007391
7395007397
7401007403
7411007413
7449007451
7467007469
7477007479
7497007499
7515007517
7519007521
7525007527
7549007551
7557007559
7585007587
7597007599
7605007607
7665007667
7675007677
7687007689
7705007707
7707007709
7789007791
7849007851
7885007887
7905007907
7969007971
7975007